0
0.207911691
0.406736643
0.587785252
0.743144825
0.866025404
0.951056516
0.994521895
0.994521895
0.951056516
0.866025404
0.743144825
0.587785252
0.406736643
0.207911691
1.22515E-16
-0.207911691
-0.406736643
-0.587785252
-0.743144825
-0.866025404
-0.951056516
-0.994521895
-0.994521895
-0.951056516
-0.866025404
-0.743144825
-0.587785252
-0.406736643
-0.207911691
-2.4503E-16
0.207911691
0.406736643
0.587785252
0.743144825
0.866025404
0.951056516
0.994521895
0.994521895
0.951056516
0.866025404
0.743144825
0.587785252
0.406736643
0.207911691
3.67545E-16
-0.207911691
-0.406736643
-0.587785252
-0.743144825
-0.866025404
-0.951056516
-0.994521895
-0.994521895
-0.951056516
-0.866025404
-0.743144825
-0.587785252
-0.406736643
-0.207911691
-4.90059E-16
0.207911691
0.406736643
0.587785252
0.743144825
0.866025404
0.951056516
0.994521895
0.994521895
0.951056516
0.866025404
0.743144825
0.587785252
0.406736643
0.207911691
6.12574E-16
-0.207911691
-0.406736643
-0.587785252
-0.743144825
-0.866025404
-0.951056516
-0.994521895
-0.994521895
-0.951056516
-0.866025404
-0.743144825
-0.587785252
-0.406736643
-0.207911691
-7.35089E-16
0.207911691
0.406736643
0.587785252
0.743144825
0.866025404
0.951056516
0.994521895
0.994521895
0.951056516
